-0.432894491171231,0.16148761219568,0.0690919748007219,7,3,5,3
-1.48390589885144,0.398560848030617,-0.880217752297,4,1,2,6
1.80975425424502,1.13377258044456,0.158157484003758,7,2,3,4
-0.0148833392542157,0.0220108249647709,0.0238387985943458,1,1,1,5
-0.355002228797425,-0.215235956113333,1.29693900534904,3,2,4,5
0.949378129534922,0.646862361659021,-1.20926797814015,5,3,5,4
-0.0515577296840082,-0.0639017330343166,0.0334245344312059,3,1,2,2
-0.455386846850207,-1.3938362499173,2.34245559772319,1,2,4,3
-1.81570066493365,-1.67490795707449,2.35849481051327,4,2,3,3
1.42831868572539,-0.847224108463843,0.601979230204909,1,3,5,4
-0.0314135753476642,0.00638463325715032,0.00977683056988565,1,3,5,2
0.0233179837040344,-0.0407542429260545,0.0536058247663422,4,2,4,2
0.341932893750862,0.110772437288843,-0.394550361784506,1,1,1,1
-0.55372279466557,-0.281769825920193,0.132613611519321,2,2,4,6
0.0642912900768853,0.182609506675136,-1.27051716646306,3,2,4,1
0.272572293204373,0.126259396306844,0.323895627182896,9,2,3,6
-0.0155997692750159,0.00939358409055481,0.0202478573567971,5,1,2,2
-0.0499602475973931,-0.0180196788797032,0.0225889018948997,4,3,5,5
0.0678131471651787,0.0258773987423431,0.306068969993184,9,1,1,1
0.103634648205184,-0.014484205084065,-0.298455586424224,6,1,1,5
-0.0211606303114073,0.590905932305893,-0.780710100387855,2,1,2,3
1.12345135684912,0.0929924436209729,0.680321741755767,7,2,3,3
-0.748187903765971,0.352383583127745,2.96224736786041,9,3,5,3
-0.531054056147972,-0.638969807772752,0.540726599364791,4,1,2,1
-2.98796538071961,-2.79092172731952,0.929913380300494,8,1,1,4
-0.113409516710029,-0.0269318604201589,0.145634034293714,8,1,1,5
-0.954702985791591,-1.23784778855106,-0.816263367826572,6,1,2,6
0.0103431020111472,0.00744887922978614,0.0197453432011957,7,2,4,2
1.09272137036206,-0.200299781530912,0.512207444836357,2,2,3,4
-2.18173661873358,-1.8141773674348,4.40858810251103,2,3,5,3
-1.17378549598607,1.09032185276049,-0.330740329645711,6,2,4,1
0.344958455275889,0.229454800092554,-0.641425154081118,7,2,4,1
1.91355326307198,1.24036253218117,-2.82691128632294,8,2,3,3
0.117556595516175,-0.0278548157857369,-0.173912840789587,8,2,3,5
0.0100893624754336,-0.228807715118913,-0.294834972438796,6,1,2,4
0.0397073053588518,0.0264585604772816,0.0423189972538058,1,2,4,2
-0.00331466722696459,0.0359634007676086,-0.0141151383639508,4,2,3,5
0.0171719864066224,0.0040542930466371,0.0155870383691018,9,2,4,2
-0.00707084119165396,0.0109537803414953,0.0159149862503677,7,1,2,2
0.026732425901772,-0.0339650692260733,0.0642986080090358,5,2,4,2
0.00829443691608537,0.0400369056544388,0.00489425493191567,9,2,4,5
0.0342441996311176,-1.92096173880101e-05,0.105287615949982,2,2,4,5
0.585335241444635,-1.31168726304032,-1.39110807738906,7,2,3,6
0.0656570687446262,-4.21473710315579,-0.641425154081118,4,2,3,3
-0.0106849405125834,-0.0299506787300611,-0.0765860196402639,7,3,5,5
-1.26256101995693,0.0970659496192057,-0.126983415434239,9,2,3,4
0.0103431020111472,-0.0387174888155355,0.073803306601894,1,2,4,2
-0.217741658261473,0.590638773358276,-0.170348582950231,6,2,4,6
-0.000418277233419478,0.00668019832054473,0.00380668867260031,5,1,1,5
-0.0429221989565278,0.0488628279079261,0.0387547355245996,1,2,3,5
0.390711993693254,-0.0828471123084002,-0.24282192163344,2,2,3,1
-0.658578580175287,0.511946426270478,-0.458949881233927,6,1,2,3
-0.0455963251096582,-0.0169350455607685,0.0021844921005589,5,3,5,2
0.00829443691608537,0.0705881773017309,0.022121517363179,7,2,3,5
-1.22500216248924,-2.2119314507047,3.35767589927165,4,2,4,3
0.0410730840265927,-0.0156343044594539,0.045883258983012,4,2,4,5
1.32763496137078,-0.0801314379382365,0.130831488434418,6,2,4,1
0.131677759965837,-0.698291186203775,0.395100575264059,2,1,2,3
-0.296956713671693,-0.668073706533244,0.287658990905016,6,2,4,1
-0.123985386103375,-0.0197413881518602,0.155575887838393,1,1,2,5
0.899463932579722,-1.17386701047933,0.405873650844489,2,2,4,1
0.11414215108263,-0.103214624517123,-0.187575849271345,8,2,3,5
0.00244744240261951,0.0205184631246861,0.0166865934377009,9,1,2,2
0.0280982023337055,0.00948562956153639,0.0922186536829927,6,2,4,5
0.00152631818598254,0.00545917590212691,0.0449392877015447,2,1,2,5
0.159959687248415,-0.120000970948119,0.00184799285096059,7,1,2,1
-0.869720732501512,0.00352588892442862,0.896674923668341,8,1,1,6
0.579872135716901,-0.0509379979190134,-0.223812508888324,4,2,3,3
2.22088986225667,1.33868098149765,-0.243908901303383,5,1,2,1
-0.842018789285592,-1.31036302688887,1.57278090729429,3,1,2,3
-0.0251670986339695,0.0583676681982531,0.0149929948772291,4,2,3,5
-1.73898908768369,-1.8388626408054,-1.08516853925503,8,1,1,1
0.0220298613315639,-0.190820331232091,0.0479366854874317,9,1,2,3
-0.639766721056421,2.04284252698625,-0.358660408383392,8,2,3,3
-0.778188279253821,-1.22061782578784,0.748259254777684,2,1,2,3
-0.0205465479474774,0.0353742473814148,0.019387218719787,6,1,1,2
0.410710172170381,0.547152614160554,-1.124104964789,7,1,2,6
1.85312243220228,-0.904949379448934,-1.04994166912559,5,1,2,4
0.972532954919613,0.39850516676231,-1.08161138817153,5,2,3,6
1.5939615109253,0.601501444165269,0.218749929510413,7,2,4,6
0.63433865993436,0.764189506853485,0.513720343626542,4,1,2,6
2.07130055834019,0.101139453394633,-2.31781608808417,2,2,4,4
-0.192474777502147,0.364559331604481,0.234789103401991,7,2,3,3
0.197692378734396,0.0579048534981831,-0.0433695387154016,3,3,5,6
-0.607670946958391,-0.993275097199033,-0.405589814289491,4,2,3,1
-0.648616806560715,0.823612645302995,-0.117721449313017,9,1,1,6
-0.185052512082618,-0.050673979795033,0.168485471283394,8,1,1,5
0.00725775790522198,-0.017367178881739,0.0911466888338556,9,1,1,5
-0.0032839970930392,0.0230622617116982,0.0179330358531453,7,1,2,2
0.602407418896214,-0.0074872991314037,0.43141751749415,9,2,3,1
-0.00850370109910575,0.00610360489469301,0.0220284894622146,9,1,1,2
-0.942969245452186,2.82563402542287,-0.262425326135425,4,2,3,3
2.2973091524171,-0.928691494378198,1.69638643248205,5,1,2,3
-0.0157703477342831,0.0472453070688518,0.0214646228427741,6,1,1,5
0.0313775659970506,0.00210136202867278,0.0793351594616049,2,1,2,2
-0.0510512298961823,0.00313072418684538,0.021165338371122,1,3,5,2
-0.0149237715935953,0.0441104094298665,0.0138049076989912,4,2,3,2
1.36554070434249,-1.9338311227505,-3.25605567565065,8,1,1,3
-0.0217526564362319,0.0495417448333632,0.0274679099569883,7,2,3,2
0.00556288338147604,0.00609104493435093,0.028061952281906,1,2,4,2
-3.6157948294708,2.35242904509049,-1.64120041741931,7,2,3,1
-0.158066977423748,0.993572303755244,0.470807110547255,8,1,1,4
-2.34160891470074,0.795698680808484,0.169346112254314,7,1,1,4
-0.00877777530229655,0.0386790695807595,0.00964660325588228,5,2,3,5
0.619464213993505,-0.278021731923412,-0.238210874053821,6,1,1,1
0.0315126467672504,-0.209125709341412,0.0821199147101418,7,2,3,5
0.621528288943284,-0.542474036428293,-1.01983092414249,9,2,3,4
1.87076026890309,-0.178135249189692,-2.30490139726618,8,1,2,3
0.283498504659841,3.61996721717516,-0.122825107490265,2,2,3,3
-0.115456458668398,-0.027372784935387,-0.031894983154443,2,1,1,5
-0.436075910823782,-0.484578187378136,0.669614676928983,9,1,1,6
-0.00857193246045458,0.0208915535935985,0.0131253295186046,1,1,1,2
0.60991921721944,0.161563085320793,-1.78020653928165,3,2,4,5
-0.00884485821886294,0.0113607879624883,0.0165678846501223,4,1,1,2
0.27506609031898,0.0822818927053113,-1.54958698259207,1,1,1,3
-1.02354847869211,-0.00261314539662793,-0.0657863452658776,6,1,1,4
0.248671177697944,1.99396059726699,-0.838647587159095,1,2,4,6
-1.28862751484232,-1.71330069170336,-0.773172076865838,4,1,1,4
-0.0191478031952854,0.0471096381582282,-0.00293003626237391,5,1,2,1
-0.996917442461153,0.241675318087252,0.432011555929218,2,2,4,6
-0.450606623748921,0.0929924436209729,-1.01804878938804,5,2,3,6
0.79118590861218,0.00529999771541055,0.200059803428868,6,3,5,4
-1.20929570557441,0.399184122586837,0.886454848606009,2,2,4,6
-0.0163844305453744,0.0258434814035469,0.0377870828366385,5,1,2,5
3.06426439395194,-2.15605735405329,0.820968407834394,2,1,2,6
0.0485848577559383,0.0692303434508568,-0.0331245316598172,5,2,4,5
0.413930204215162,-0.951861125848281,-0.687760521552149,7,2,3,4
-2.76355002293123,4.16989009348959,-1.6625859372265,8,2,3,4
-0.0110623794413894,0.0189243494015811,0.0155588598487334,8,1,2,2
0.0624107704355769,-0.0397124074969396,0.15972550974743,1,3,5,2
-0.00089589732181313,0.0254364737825539,0.0241652478331215,7,1,2,2
-0.0390504402601522,0.000961451991963276,0.00170997027765802,3,3,5,2
-0.0285815408317071,0.0122012994860899,0.0244976917196548,5,2,3,2
0.518754621348331,1.09600258689868,0.943297809398404,6,1,2,3
0.783372879970186,-0.151417745117,0.206275005678491,5,2,4,1
-0.0408735331907238,-0.0475434144032305,0.057764132710316,1,2,3,5
-0.00519447699945234,-0.0170619210543294,0.0225033246125289,5,1,1,5
0.454220636904793,0.832333309954136,0.83952544269991,9,2,3,6
-0.047778285235622,-0.0608628116748907,0.0116749151385942,5,3,5,5
-0.00672910982714749,-0.152775576745069,-1.38219738416754,9,2,3,3
-0.532553254381081,0.330613474218601,0.0696449986579201,9,2,3,1
0.231598966709256,0.563482074112741,2.89610416482329,4,2,3,3
-0.488614118311276,-1.15173176137278,-0.256907515634032,6,1,1,3
0.0506870599277611,-0.281040390191345,-0.891049914698167,6,1,2,4
0.924730813339048,-0.342193471183184,-2.45860434470096,2,2,3,6
1.66685068492524,-0.651824467617912,-1.42740590100665,7,1,2,3
-0.0128705123616745,0.0153291139342733,0.0283200554956182,1,1,2,2
0.0305929049502727,-0.0297130786449562,-0.972988670324517,8,1,1,1
0.0742269002743258,0.0491107584798357,-0.0708611465912742,1,1,2,5
-0.729641300826269,-0.144379797290566,2.70553166362532,9,3,5,3
0.633383411261505,0.775483957555435,0.480036713116896,6,1,2,1
-0.898821441486213,0.199127038168698,-1.02563601951192,4,1,2,6
-0.0244842104180027,0.0373212357298853,0.0167751255084412,2,2,3,2
1.76126920767994,2.58733420126549,0.397557015507291,8,2,3,3
-0.232082327565331,-0.622586289199997,-0.156091543813106,9,2,3,3
-0.0368684801341884,-0.0397124074969396,0.00360805581882907,5,3,5,5
-0.0181584477290899,0.0306258228395984,0.019387218719787,6,1,1,2
1.79150950765014,0.326825725378442,-2.24967214072542,1,1,1,3
-1.37456501680525,1.39149022999069,0.660800529783219,3,1,2,1
1.85414209448371,0.0427525733561872,-0.103221669924556,6,2,4,6
0.0417559733604632,-0.0298915676734508,0.0524177401165067,5,2,4,5
-0.00860604819702418,0.0472453070688518,0.00692279456534216,9,1,1,2
0.700060439368982,-0.257328838832509,-1.8491156201255,1,2,4,3
-0.00642264266635112,0.00739246287982521,0.0178440042478745,7,1,1,2
-0.00621794842579811,0.0638647897421417,0.0463934711516639,6,1,1,5
0.958574362726825,-0.0667168690424711,0.0775545300790823,9,1,1,4
-1.86828314140587,-1.23700639012822,-0.696671136976665,8,2,4,1
-0.0677285771918,0.0671886880550437,-0.00907321599525399,2,1,2,5
0.747179787755392,-0.281769825920193,0.39280466912825,4,2,4,6
0.0301468680995095,0.00269645808436035,0.0654866946037962,2,2,4,2
-0.104539429673548,-0.402125187444617,0.0832525495489443,6,1,2,6
-0.0251670986339695,0.0590465862350927,0.00727042812143648,4,2,3,5
-0.0687179331051569,-0.47572575483936,-0.575284518344963,9,1,2,3
0.558702528358193,0.651062396393215,-0.418064738121413,1,2,4,3
-0.00632101757768705,-0.00500404682181314,0.0372990564271748,3,3,5,5
-2.63213843610651,-1.85310790976295,0.95068743514484,8,1,1,4
-0.00427335278281537,-0.00871826193432728,0.0181704534283025,7,1,1,5
0.206493522416691,-0.080385549019788,-0.364546723819769,7,1,1,1
1.50882666378637,1.52539578931101,0.196589784984243,8,1,1,1
-0.666364376684256,0.00638463325715032,0.41596695569696,9,3,6,3
-0.0635323447238696,0.139839575298227,-0.0907151935747674,9,1,1,3
-0.0757008467377774,-0.0353229052997526,-0.00104617998681135,4,2,4,1
0.491779494372485,0.0115223814492502,-0.327770118021122,1,2,3,1
-0.0230369944812508,0.0145829329253188,0.00950471125434225,3,1,1,2
-1.22704868635164,-0.231114097713541,0.0770203408753406,1,1,1,6
0.0155478758549547,0.0276750165871372,-0.0101712720129287,8,1,1,5
0.29700249015245,-0.0261856780775212,-0.416541161693116,8,1,2,5
-0.0166232404777809,0.0681044570916622,-0.0480393774871602,9,1,1,5
0.327886255466237,0.898188268392572,0.181919235348215,3,2,4,3
-0.649981453909957,0.486271026586321,1.58471107709001,2,1,1,3
-1.56986077303717,0.25457474522757,0.00014190660794906,8,2,3,6
2.63263486190851,0.816039259287544,-0.67706775192393,8,2,4,6
0.000878119638321621,-0.0119404068971578,0.0259458797440465,8,1,2,2
-0.0230028787446812,0.023672773276556,-0.0156022007707698,8,1,2,2
0.00156043392255214,0.0177372434328374,0.0262723289828223,2,1,1,5
1.38355382130015,-1.17014892435169,-0.304183293228902,3,1,1,1
-0.00604622132052575,-0.0427909948137683,-0.00401639744617486,3,2,4,2
-0.326632718235124,0.68051549783838,0.199587176935355,6,1,2,3
-0.0128751062749527,0.0542941644228254,0.0120227772233731,2,2,3,2
0.7107578606625,0.141264102193983,-0.656837459204052,1,1,2,4
-0.98909162500135,-0.793429245951642,-1.3278092687799,2,1,1,3
1.16016414011486,-1.15508957524624,0.863436467036188,8,1,1,1
-0.0634088543787606,0.060404422308772,0.338746724204339,5,2,3,5
-0.178161139108658,-0.615159830603112,1.09963725823059,9,1,1,3
0.228805191327974,-1.28092286216952,0.265144111512684,8,1,1,1
-0.342940026006226,0.405751311407695,-0.383629160717991,9,1,1,6
-0.772252166131752,-1.11618641787719,-1.25830527428474,4,1,2,6
-0.710003623919678,-0.365103278962552,-0.44481443880623,6,3,6,3
0.0110259913450176,0.054973082459665,0.0298440831465091,7,2,3,5
0.215909446034796,0.277984797522457,-0.67704762195044,3,1,2,5
-1.91335388662908,0.7651205065508,-0.0842122785736145,5,2,3,1
-2.24828654119553,0.749360484814777,0.0629231998551729,7,3,5,4
-0.0346865177724172,-0.0180196788797032,-0.00540784636876784,4,3,5,5
-0.477624700583177,-0.398727007430146,0.356651800769036,3,3,5,1
-1.73704449427651,0.0296761380201473,-0.835494202500375,1,1,2,4
0.120288148380042,0.120828052012127,-0.0129270517691904,8,2,4,5
-0.0130410908209418,0.0191956878896699,0.0198917310913076,7,1,2,5
0.703047701514802,-1.04964065606292,-2.90975244823912,6,1,1,4
-0.347716224654355,0.42949344856501,-1.81703791416759,9,1,1,4
0.769914482588611,1.77679098088022,-0.129176843473123,4,1,1,3
0.456269262426066,-0.399901448744427,-0.614693171662821,9,2,3,3
0.329934925703656,0.147305826552407,-0.710928215012289,5,2,3,6
0.0444875284601376,-0.034643987262913,0.0512296515768213,2,2,4,5
-0.581749980770759,0.406870582698846,0.307077997070135,4,1,1,6
-1.3913159087465,-0.0334779014730863,-0.215359433174291,6,1,1,6
-0.286713384842673,-3.16716794822857,2.30265484753041,8,2,3,6
-2.95210973890199,-0.351825819355129,0.38812642439075,2,1,1,1
0.181043193667645,-2.91438076940779,-2.08439980707776,8,1,1,6
0.181452583400803,0.198143446902196,-0.706546765825951,7,1,2,6
0.574636165653708,0.901893773443216,-0.539523494020432,4,1,2,4
1.22315309227545,-1.6131264223905,-0.435292008332376,8,2,3,6
-0.209308774401077,-1.06568352975073,-1.45298769369332,3,1,1,6
-0.00304518716063274,0.0224178327413602,0.0150840245622744,1,1,2,2
0.481536143185392,-0.474582343884584,0.194988178165955,6,2,4,6
1.65678724915232,0.00812779571066221,-0.0533220076605941,4,2,3,4
-0.0106849405125834,-0.0521857273409725,-0.0319810285802552,7,3,5,5
0.00333445110626762,-0.00861651080706083,0.0162414354113465,4,1,1,2
-0.00666145264347373,0.0316433423366418,0.0181704534283025,7,1,1,2
-1.18471177451576,1.38293511986504,0.208057148212644,1,2,3,6
0.077949061103643,0.0040542930466371,0.0452892156856318,1,2,3,1
-0.979475842567876,0.845893088040109,-1.45317187808843,4,3,5,4
0.172787193466709,-1.0181992998922,0.289954255215583,3,1,1,6
-0.0354892284916022,-0.20445508453483,-1.92743708758813,2,1,2,6
-0.660253423430608,1.15821356753225,0.708241801044199,3,2,4,4
1.19856904942643,-1.02857877732176,-0.643207211038572,2,2,3,6
-3.33307900744922,1.08081698246229,-0.666968981832279,2,2,3,1
-0.484170585432683,1.01563862367495,0.27740676623285,1,3,5,3
5.93426313934422e-05,-0.0168584165769914,0.0346709765549117,9,1,2,5
-0.146038363165755,-0.0339650692260733,0.14984086811581,8,2,3,5
0.0861437264026663,-0.21184137704316,0.00786447239127917,6,2,4,2
-3.93057861214748,0.0595318090335979,3.78316908094408,3,3,6,6
-0.206815437862776,0.20976619702945,-0.542219821310062,2,2,3,4
1.68653544793376,-0.449609439531196,0.662848263492238,6,1,2,1
1.57620645084727,1.38157723044404,-1.20636050979525,2,2,3,4
-3.60883722070531,1.91079823353487,-2.027894485261,2,1,1,1
-0.0654575201445646,0.380174426446547,-0.0539160519304368,2,2,3,1
0.222038531685721,-0.309605458762204,-0.407965987479012,5,2,3,6
1.39259441994526,-1.47940691185889,0.521822220348017,2,1,2,4
-0.0292316129858931,-0.014223454483614,-0.0362517201240507,5,3,6,2
0.0916941448774394,-0.105959202022289,0.0307832634942859,4,1,1,1
-0.236464889978602,-1.50416651583277,-0.453103475658034,7,1,2,3
-0.0306302088333184,0.0251007261818464,0.0244976917196548,5,2,3,2
-2.36406022095752,0.863563455182166,-0.162031982621683,2,2,4,1
0.231193290652038,3.82838142646673,-1.81433724969527,8,1,1,3
-0.0884026983494871,-0.622418178448618,0.501879134699175,5,1,2,1
0.150780209196487,-0.109129131069997,-0.757523852343454,6,3,5,3
-0.541561702117085,1.33579800325437,-0.0600883238510906,6,1,2,1
0.376048607962387,0.465683205493537,-0.871433284706353,7,1,1,4
0.28990644019837,-0.47508134140643,-3.33977497119298,9,1,1,4
-0.0238013222020359,0.0773773510017121,-0.00579852831077796,4,2,3,5
0.607523706194145,0.968439557485531,-1.55113016386412,9,1,1,3
-0.81578378160331,-1.32742350076154,3.30168559358822,6,1,1,3
-0.233448081639191,-0.262760174236006,-1.09646252409148,3,2,3,1
-0.0565799699832855,-0.0937097853381988,0.420724708967432,2,2,3,1
1.11593951380975,-0.511243846744161,-1.7819886740361,2,2,4,4
1.37748588497913,-0.708129855147148,-0.0859944036034426,5,2,3,6
-1.54459402642628,1.1527821654446,0.156375368698554,4,2,3,1
-1.66407098562487,-2.35603390624186,-0.251209488384471,1,1,1,6
2.43670592504663,2.79715944724853,-0.410130902917765,3,1,1,3
0.37363977152553,0.99798910644494,-0.427569430879496,6,2,4,4
0.0294639787656391,-0.025818061675218,0.0785556529809356,5,2,4,2
-1.15011777640465,-0.73037693357938,-1.26759423596461,4,1,1,4
-3.68051429648871,1.02918548726317,-1.77278917890507,8,1,1,4
-0.00410277432354811,-0.00288448321787519,0.0214942998694878,5,1,2,2
1.95794110331066,0.183967342748815,0.204492890373288,5,2,3,1
-0.0319959830294446,0.134406399412089,0.108851875734263,1,2,4,2
0.98414211607575,-0.590677188147441,0.792001940010995,2,2,3,6
-0.107796607420964,3.55275448045598,-1.69882261240288,5,2,4,4
-0.0208194729457113,0.12467853730405,0.0353238742544933,4,1,1,5
-0.00904955254884824,-0.0253377468304222,0.0472541101776589,7,1,1,5
-0.00382984843099132,0.0222482461585196,0.00793181930838323,4,1,1,2
-0.335198453765833,-0.430452704832083,0.508049156341633,3,2,3,1
-0.00232875713983262,-0.0121099935911386,0.0201291486664647,9,1,2,2
-0.00707084119165396,0.020450628536006,0.0117601783155816,7,1,2,2
0.938855503656837,1.47411280772697,1.19490110329387,2,1,2,3
0.0220298613315639,0.215169934084551,0.0936395730812671,9,1,2,1
0.558807007633752,-0.26857067573722,-0.117869360857354,1,3,5,3
-1.83345574736975,-0.389717689305857,-0.318859483147356,2,2,3,3
-0.0157703477342831,0.00450949063811482,-0.0761733649083504,6,1,1,5
-0.02268572903071,-0.0397124074969396,0.0216398592215604,3,3,5,2
0.182430995037382,-0.975623201567541,1.39376806768433,2,2,4,6
-0.00997067676548521,0.0351707429040767,0.00588409260109487,5,1,1,5
-1.41280872440983,-0.824090508664788,-0.373242133295818,6,1,1,1
-0.711470000501489,-0.981054536971038,1.1312008621699,3,2,3,4
-0.030322593048875,-0.00771563678756512,0.00645518228290692,9,3,5,2
-4.62032382555085,-0.213878133376484,-0.0622326678183845,5,2,4,1
1.02782927666181,0.320279697662345,0.368391095627721,9,1,1,4
1.33828225586443,0.398628688042941,-0.562285904014313,6,1,1,4
0.606504781729124,0.297346517087119,-0.734689946907497,6,2,4,1
-0.397491063739972,1.38541901567671,-0.392265230533057,5,1,1,4
0.151942484682944,1.9860268278571,0.789035715482604,1,1,2,6
2.34309021362244,1.61580365307503,0.609036546070143,8,2,3,1
-0.763369527273038,-2.55071095759872,-0.0687671431171043,8,2,3,1
0.380244838194511,1.35954011818363,0.889285297921905,9,1,2,6
-0.00417100557310657,0.030015310963548,0.00888148980350439,1,1,2,5
0.0110259913450176,0.00133862423348617,-0.0111449209045873,7,2,4,5
1.59737590169947,-0.4460678219022,-0.222030362464321,9,2,3,4
-0.744140801881372,-1.2633197348824,-0.215359433174291,6,1,1,4
-1.40943131388855,-1.13609588330283,-2.07609011512272,8,1,1,6
0.16801098587535,-0.764158614578946,0.127916740235337,3,1,1,6
-0.268738352626724,-1.04906406041427,0.871508644753297,7,1,1,6
-0.00331466722696459,-0.043469912850608,0.061922434819515,8,2,4,2
-1.37698729044404,0.867467723466822,-2.34368942502457,4,1,1,1
0.00422145936275426,0.0315076734260182,0.0383806272607627,1,1,1,5
1.04013893860599,-1.36464281656649,0.0239036478387971,4,2,4,1
1.41849989198824,-0.144379797290566,0.449657918573761,8,3,5,1
0.85339565956744,-1.00632823131354,1.12714802750731,3,1,1,1
-0.370607873160681,-0.599523952533155,-0.659300667786198,8,1,1,3
0.50483542408033,-0.381367788549073,-2.77994426556783,4,1,1,4
-0.0816136716909131,0.298708276411839,0.184540838620312,2,1,1,1
0.12165392928359,-0.348982651551581,-0.110944233762961,1,2,4,2
-3.46278780342726,0.282156633750874,0.0386180442524424,5,1,2,1
-0.0279496569699814,0.395983127614742,-0.00628355953578043,4,1,1,2
-0.0251670986339695,0.0352844838421715,0.0233096043469244,5,2,3,2
-3.92232647094996,0.167448264182887,0.328593962995386,5,1,1,4
0.0260495365679015,-0.0217445601225954,0.079743737630771,5,2,4,5
-0.030322593048875,0.00475767861085759,-0.00350976199455178,7,3,5,5
0.159212793458704,-3.7890559186131,-0.0182734424180747,3,2,4,6
2.80034522755953,0.438922454524391,-3.89660835293939,4,1,2,4
-0.0176553249046239,0.0332477319544576,0.0215274738713063,1,2,3,2
-1.5952937519215,1.36862994630944,-1.00569295331233,7,1,2,4
-0.0075143454473383,0.021739486454454,0.0197136677640703,4,1,2,2
-0.0405042381900416,-0.0672256313472187,0.0911466888338556,9,1,1,5
0.503846056987937,-0.337512710385246,0.0552372764583689,5,1,2,3
-0.260080738830451,-0.33404649030599,0.18607752384294,2,2,3,6
-3.71115022256227,-0.850342503997602,-0.310385834016939,5,1,2,3
-0.00116882299078919,0.0205523804412542,0.018912383433328,8,1,1,2
-0.217971298030201,0.440781453132106,0.541715029686259,8,3,5,5
-3.4996415096277,-0.647651017632977,0.083802130888937,5,3,5,4
-2.47741967598704,-1.58257518853089,0.326271819821667,5,2,3,4
0.0542692077959543,0.00579834862324702,-0.030618863420546,1,1,2,2
0.846198662913349,0.919913565550457,0.350033532267625,1,2,4,4
-0.773280480987472,-0.842885548514443,-0.938316434450156,3,3,6,3
-0.815951981387181,-0.0319283173383595,-0.677661751460498,5,2,4,6
0.806281855983158,1.04109045361993,0.0307832634942859,1,1,2,3
-0.634288210616327,-1.1042475092862,-0.853122457893402,6,1,1,3
-0.00604622132052575,0.0318898981035835,0.00430021163453546,7,2,3,5
-0.939930872751277,0.586632367178262,-0.325966355700949,3,1,2,4
-0.00348869151245679,0.0334409604037165,0.00950471125434225,7,1,2,2
-0.406901755568974,-0.387001999376058,-0.793500277108949,9,2,4,4
0.0533650763856095,-0.0190288946436522,0.0405368663892027,5,2,4,2
-0.0357774978353991,0.0172309960098049,0.0021844921005589,8,3,5,2
0.443163071769909,-1.05167799032558,0.0121494361835251,8,3,5,6
-1.00921988274773,-0.657895659703839,1.51096329519823,6,1,1,6
0.486316388644751,2.78014676368598,0.758735476459204,5,2,3,3
0.00326621963312842,-0.00956619540423139,-0.00106037210435282,8,1,2,5
-1.53503349079142,0.39103709725354,4.1750800210458,1,2,4,4
0.0176805587878238,-0.135160379626142,0.201008856799294,1,3,5,4
-0.956626987413448,0.809928990287571,0.271619797564189,5,2,3,1
0.509645718789925,-0.128005458902965,-0.46307502820708,3,1,2,1
0.0123917677769512,0.0135591337815251,0.0446951723882516,6,2,4,2
1.24159101262186,0.892077977164549,0.395774919651338,4,2,4,1
-0.953212551923133,0.221986721692564,-1.28536832183226,8,2,4,3
-0.479471097333332,0.523817494849135,0.29514776892667,9,1,2,6
0.518412140384708,0.562803162744316,-0.293909654932763,6,2,4,6
0.0240008730379048,-0.120187542096038,0.362508456099547,7,2,4,1
-1.38752901011655,2.20672683670699,-0.247440476623462,7,1,2,6
1.06284011868764,1.24666618522676,-1.64487838724224,2,3,5,4
0.000536962719787094,0.0181103337150342,0.0313174532815052,6,1,2,2
0.0335613102972471,-0.0224234781594351,0.0702390429277628,8,2,4,2
-0.430924431918804,-0.56618325384175,-0.350717140293616,5,1,1,1
-0.047778285235622,0.00475767861085759,-0.00208619944323659,4,3,5,2
-0.792050865880752,-1.90166624351255,-0.0877765344680457,5,2,3,1
0.140774806038082,-0.47118774258636,-0.833301143997236,4,2,3,6
-3.32427797555729,-0.579682304891789,-0.289611779172594,5,1,2,1
0.439197084974488,-0.11747188773112,0.260332970051652,8,2,4,1
0.61949831005497,-0.391542990187922,0.914243819951136,3,1,2,6
1.41964824733839,-0.643073817325675,-1.11033470147458,7,1,1,6
-0.502567433998815,-1.36629269366833,-1.59715953628885,5,1,1,6
-0.488165481216613,-1.20102368749681,-0.187575849271345,8,2,3,1
-0.00649087409477417,0.00596793531722784,0.0332464707149837,4,1,1,5
-0.00683203123688943,0.037714541090984,0.021167850630712,2,1,2,2
-0.027049650624122,0.240123744541941,0.734845146124659,9,3,5,6
-0.286035018546989,0.450216927454392,0.230748230027998,9,1,2,3
-0.597427640487444,-0.378854996270813,3.2655992611124,5,2,3,3
0.194040098062528,2.58258184391457,1.18407067187593,8,2,4,6
0.172002527948316,0.249053330646502,0.703595064091291,9,1,2,5
-1.12598326497321,0.183967342748815,-0.0562922270648826,6,2,4,4
-1.0925217926965,-0.738681111234804,1.23278215418873,8,2,3,3
0.812737056488203,-1.49635268898726,0.597155641224039,4,2,4,6
0.69299763586959,-1.29409431620067,0.978274523277577,3,3,6,4
-0.535967689871397,0.0658357577122687,0.323895627182896,2,2,3,1
0.00283132828180159,0.0413947372825079,0.00905255898603958,9,2,3,2
-0.260080738830451,0.0196693884444043,-0.933100495754109,9,2,3,3
0.0349270867291807,-0.00884513298227788,0.0850901341144303,5,2,4,2
-0.0137916365783115,0.037104029881775,0.0209304330555549,6,1,2,2
0.0202217281876981,1.16844996299611,-0.638764049382782,7,1,1,6
0.080680620674932,-0.322504885902521,-0.419846872875866,5,2,3,6
0.133945921642607,0.120149133975287,0.14211831011218,6,2,4,1
1.27817038526546,0.177182539083704,-1.48726485695754,9,1,2,4
0.0868266090291148,-0.68233095641041,-0.681226040418654,3,2,4,6
0.468561283850578,-0.732570842234832,0.219938006380549,6,2,4,1
-0.00809488679567481,0.0427525733561872,0.00905255898603958,5,2,3,5
0.378420016984889,-1.70002787775865,-0.330740329645711,8,2,4,1
-0.739468478840828,0.839801401690957,-0.577862438602124,6,2,4,6
-0.974382069849548,2.38298016780984,-0.488755934270469,1,2,3,4
0.00473319541129824,0.842470634993706,0.560046453254693,5,1,2,4
0.27393805845727,0.25457474522757,-0.612911036908368,2,2,3,6
0.584188562949967,-2.49648540436607,0.444186650127017,1,1,2,6
0.545364886929389,-1.48632605964277,0.148512717748986,8,1,2,3
-0.0783257471213811,0.020484904724461,0.038722620923415,8,3,5,5
-1.18266310427834,-0.041433158740089,2.47967977932358,7,2,4,6
0.514997704894392,0.25389582274512,-1.32219901599445,8,2,3,6
-3.87187816198667,0.37474309104305,-0.172130725484384,7,2,4,1
0.833906641488838,0.205692715482073,-2.14494940588722,9,2,3,4
-0.107782231179966,0.41149626238586,-0.162474348027513,9,3,5,6
-0.202008013929766,-0.0971406983808963,0.577704388202837,3,1,2,5
-0.0172308246913473,-0.0125965011710043,0.00503161914811424,7,3,5,2
-0.0757008467377774,-0.702019563919124,-0.447766912715048,5,2,4,1
-0.0183382142384943,0.025779643329564,0.00608234152667607,4,2,3,5
0.382517335101653,-1.09036022309355,-2.05465470798993,1,2,4,6
0.971167212024789,0.350980993095739,0.28171852875734,5,2,4,6
-0.809608861902546,1.1359571533185,0.0205446293743667,7,1,2,6
-0.00587679128368286,0.0263183237021322,0.0115821149883443,7,1,2,2
0.694597333641248,-0.951861125848281,0.213997573406747,7,2,4,1
-0.00707084119165396,0.00400073122301389,0.0205149521531604,9,1,1,2
-1.17856574144543,1.7984324338289,4.43883518673486,2,2,4,3
-0.579771291302119,-0.235930351820498,0.652461274968565,9,1,2,3
0.101167269389743,-0.67622073186654,-0.396679179415725,8,2,3,6
-0.116172889583521,-0.111250302873441,-0.424672717969707,3,1,1,6
1.11320793858781,1.68708990246086,-0.662810693337555,7,2,4,6
1.58326719740394,0.417486722189755,-1.59006668664433,5,1,2,4
-0.424656860363147,0.135085310780514,-0.631920441873785,4,2,4,1
0.881025922801028,-0.776021569918908,-0.436480104651761,6,2,4,6
-0.136147726232339,-0.00717331901669524,0.02543602855347,3,3,5,5
-0.30711852496622,0.344021812591609,2.88412731682818,9,1,1,3
0.0463202487769827,0.373631621797877,-1.08478266614002,4,1,1,6
0.215465951296943,0.0893366938401812,-0.880662906725243,9,1,2,3
0.0403901946927223,2.75774244401942,-0.0598564887940888,1,2,4,6
0.942832267043489,-0.674224586182796,-1.4873374026591,3,3,5,1
0.428270873519019,0.262042825850365,-1.07804711866263,8,2,4,6
-0.0128751062749527,0.0563309163105392,0.039942824064285,7,2,3,5
0.0192206521724264,-0.0550115039172462,0.00845851666112187,9,2,4,2
0.488365058882169,-1.08424995409358,0.718934590121667,5,2,4,1
-0.0563339305679447,-0.139876516367597,0.760515938578178,3,1,2,2
-0.0101071394881829,0.0101397648772289,0.0176065866338188,1,1,1,2
1.73668561199238,-0.81048965314016,0.216206414976056,6,1,2,1
-1.42030822579285,0.196187867411929,0.462307768957921,7,2,3,4
-2.4000833247426,-0.370751671286216,0.958908010637529,5,1,2,4
-0.0640917437126311,1.0149620017958,-0.903398301711224,4,2,3,3
0.616973770589861,-2.48546229148537,-0.725896299270969,3,1,1,6
-0.146569986720314,-1.31650208121517,-2.13179432234234,1,1,2,3
-0.00604622132052575,-0.0169921405331332,-0.075301618415824,2,2,3,2
1.92857683736035,1.51464512565412,0.189641793351846,1,2,4,3
-1.77238835980105,0.602607423081791,0.909554839227775,2,1,1,6
3.18182716672276,3.75118562738345,1.5860762782776,8,1,2,4
-0.0423233826849052,0.0470584925237726,0.0130984788568644,7,3,5,5
-0.202656219184849,0.0709535108831739,-0.0141480173206506,2,1,2,1
0.0110259913450176,-0.025818061675218,0.0155870383691018,9,2,4,2
0.00624577115028136,-0.0217445601225954,0.0583581711453838,1,2,4,2
0.116873706182305,0.0149169680769603,-0.691918810046873,8,2,3,4
-0.0115093293958577,0.0223850572575552,0.022121517363179,9,2,3,2
-0.0135579947145003,0.0862032765894071,-0.0230257946318912,5,2,3,5
-2.07997854425075,0.327897806516852,4.87545722911337,4,2,3,3
0.028781091667576,-0.0713055234645671,0.0553879556309453,4,2,4,2
0.0180383237302125,-0.024862904531837,0.0045189413980718,5,1,1,1
0.298060094083921,-0.366851181770267,0.601683562710233,8,1,1,3
0.00227686371977152,0.0580310132484947,-0.00159456130809456,4,1,2,5
-0.386415097910934,-1.52283052132048,-0.79884660357531,9,2,4,6
-0.171986197049821,0.649243741698465,1.16934900961156,7,1,2,6
0.655672710920659,-0.564199400270331,0.181325177463898,9,2,4,4
1.96737598657475,-0.824294006473711,0.0349677487669738,2,1,1,1
0.414121745827341,-0.712061619531163,-0.251179808829354,3,1,2,1
1.64244662456461,1.27634507921622,0.00667638579651877,4,2,3,1
-0.240081151794719,-2.24804114219273,-0.391552960108769,7,1,1,6
1.72029589236386,-0.878538053444973,1.41752979957953,2,2,4,1
0.449440391445435,-0.511922802568688,2.64541792250272,2,2,3,3
-0.288885046840171,0.312252036964102,-0.060926819906247,7,3,5,4
-0.0357774978353991,-0.0516434051244924,-0.00683140989254551,4,3,5,2
0.69937760145868,0.598106820638994,0.7183405127881,4,2,4,1
0.772336711511251,-2.68028338061414,-0.861936585589916,3,1,2,3
-0.0205037675632618,-0.081470900304777,-0.0343536367222971,2,3,5,5
-1.00169764320437,-1.85142635768813,1.06585605083495,4,2,3,1
0.666612135997325,-1.13752036796528,0.133347667048253,2,1,2,6
0.120351343473637,-0.547562637510022,-0.100093188085214,4,1,1,1
-3.3692720325898,0.714201664901852,-0.507765280888136,2,2,4,1
-0.0161115048763984,0.0941190346093911,0.0421199536318799,1,1,2,5
0.0366655006937238,-0.00678497495662898,-0.256403002095557,3,1,1,2
-0.536376104792568,-0.189056624279958,0.178278946501743,4,1,1,4
-0.231688691330473,-0.741128753094937,0.715851747891785,5,1,2,4
-0.786587715436872,0.32925560702565,-0.317077348392903,6,2,4,2
-0.610402522180331,-0.607650083498304,0.15756344556869,8,2,4,3
-0.347490475190345,0.697907658691362,-0.817856027989976,3,2,3,6
-0.00693437833480786,0.0229265924898819,0.0128285575010351,9,1,2,2
-0.0442879753884614,0.0352844838421715,0.0197453432011957,5,2,3,2
-0.00587679128368286,0.0571830820013957,0.0406657701817607,7,1,2,5
-0.890224270504737,0.428849012904029,-0.477646522814138,6,1,2,1
0.00214844118373846,0.0325688161404231,-0.0254019658764871,3,2,3,5
0.663867414228407,-1.11140672002327,-1.68812978442691,9,2,4,6
-0.00833312252804812,-0.00556395253821116,0.018912383433328,8,1,1,2
-0.606305181705494,-2.12774568526635,-0.230346997801519,7,2,4,6
0.170092052960679,0.0679687859582334,0.448875669748877,9,1,2,1
0.000782663857481967,0.0305320642527093,0.0209334303794336,4,2,3,5
0.86298219764131,-1.37236395243841,0.551529082210841,8,1,2,6
-0.89697918097958,-0.0940881423348517,-0.363923492060829,4,1,1,6
0.070437291845912,0.0040542930466371,-0.0467875323618743,6,2,4,2
-1.55769565603553,-1.27619771195329,-2.05486475988721,1,3,5,3
0.942485895775148,0.985089657076571,-0.78577768020682,7,2,4,6
2.17650535337087,1.88600473178288,-3.24528293070747,4,1,1,4
-3.91694868362915,0.187361939601428,-0.526180686316984,2,2,3,1
0.344958455275889,-0.34287240477966,1.38366931704192,3,2,3,6
0.0642912900768853,0.0841665224788881,0.00667638579651877,2,2,4,2
-0.0340446487952487,0.0386790695807595,0.0316262140111122,5,2,3,2
-2.07482053678843,-0.68669792380927,1.62030164818974,8,3,5,4
0.112777655768285,0.0323556057845197,0.475881906037877,9,1,2,4
0.0403901946927223,0.0223850572575552,0.0286559965517487,6,2,4,5
0.831857971251419,-0.438599730165379,-1.23071622177778,2,2,4,4
0.810688453325003,-1.35174334497007,-0.191734149435618,2,2,4,6
-0.23276520124855,-0.475261255253008,-0.226782708843363,9,2,4,1
-0.0695548516761726,-1.3110083072158,0.234195064966923,8,2,4,3
-0.055897080649415,-0.00341379535597603,0.225878449078976,9,2,4,1
-0.0650334366857705,0.0101397648772289,0.109012361218563,1,1,1,5
-0.21200392832195,-0.998052416651473,0.46341748480082,9,1,2,1
-0.0175443649179986,0.0414793639191141,0.0117305008998829,2,1,1,2
-0.00901543681227864,0.0299813938470323,0.0250852407180515,6,1,2,5
0.86053928750106,0.0848454405157278,0.472406519600321,3,2,3,1
0.229794547241331,0.590295438879126,-0.529581621026502,6,1,2,6
0.0369757524949847,-0.0217445601225954,0.0441011281184089,4,2,4,5
0.956083941681255,1.98043047140134,1.23932787698858,3,1,1,3
-0.207498318253417,1.76244988679385,-1.18675714419177,3,2,4,3
-0.567489644023522,-0.610241829814499,-1.24958016580433,8,1,2,1
-0.453338176612788,-4.87668113324201,2.11256079787624,5,2,3,3
0.0246837612538716,0.168352256797969,-0.0188674866879174,7,2,3,5
-0.909329065097254,-0.240678783697571,-0.571129730715193,6,1,2,1
0.301335551791896,-1.74150675501896,0.824055101015726,1,3,5,4
-0.0357774978353991,0.266697335319811,-0.139222808851706,6,3,5,5
-1.188126187648,-0.0271758977488973,-0.36697700482209,4,2,3,4
-0.0133481322264874,-0.334561892129638,0.901779398714079,3,1,2,5
-0.00536333276918787,0.0800930164806554,-0.00817470344522375,9,2,3,2
-2.52590472255213,-0.346266983849832,1.09912243658975,2,2,4,3
0.266426293671153,-1.22410694075985,-0.0111449209045873,5,2,4,1
0.0664485221740094,-0.000442437269636989,-0.13953419134018,2,1,1,1
0.358616241953297,-0.484087169726677,-0.424005180819839,2,2,3,3
-0.567085097048995,-0.516952365946376,-0.206130309056194,6,3,6,4
-0.108906240824326,0.187323809602365,0.00276798709733802,6,1,1,3
2.5303194006635,0.376378920016512,0.584114666427437,5,1,1,1
-0.0032839970930392,0.0186869282522885,0.0109885711476977,4,1,2,2
-0.947231633222588,0.444315313171225,-1.42598143795507,3,1,1,1
0.449909128447808,-0.515442947900204,0.0152324106683054,9,1,1,6
0.0315126467672504,-0.00409271339281568,0.0482594321725329,1,2,4,5
-0.598793405740341,-0.713561190550644,-1.04418663612502,4,2,4,4
1.7435139910954,0.756973458989453,0.386270207444005,7,2,3,4
-0.255300526908201,0.65038346279674,-0.114508491602317,4,2,3,6
0.00829443691608537,0.0542941644228254,0.0138049076989912,9,2,3,2
0.037143122794344,-1.71292770500389,-0.265543585449099,5,1,1,1
-1.45381588984857,-0.340395688628531,-0.124487843300512,6,1,2,6
0.731704915761651,0.861600029189818,-0.030470477314515,9,1,1,1
2.85798791728236,2.15079052374022,0.263303201125491,8,2,4,1
-0.00727553546350827,0.00817256078301495,0.0295664982028014,4,1,2,5
-0.459484164966971,-0.621228466463149,-0.247574229113982,4,2,4,1
1.50928321563891,-0.706772032410299,-0.987158518475019,7,2,4,6
-0.695389448307686,-1.18595433576831,0.474961917626274,8,1,1,3
0.0881923876968557,2.42439413916059,1.24288098262813,8,2,4,6
-0.0695979043817186,-0.11834852650637,-0.00066263494699644,9,3,5,1
0.104581713823288,0.285126012429252,-0.541625802324244,6,2,4,6
-1.44286468206738,-1.31891015714413,-1.44663673568045,8,1,1,6
-0.0251670986339695,0.0454682410579355,0.019151299709323,5,2,3,5
-0.0143716036528332,0.395203034157163,-1.73901652917933,7,1,2,3
1.46626136423385,2.67219867801981,0.509237233211769,8,2,3,6
0.247988295071495,2.6301060842653,-0.359848465804278,8,2,3,6
-0.0934559470603357,-1.46444356570666,-0.379451928654012,3,2,3,6
-0.232541584744713,-0.126140005269176,-0.2881575976674,4,1,2,4
-0.279075419912989,-0.895350773458742,2.15881655956805,2,1,2,3
-0.0139280993010092,-0.0120421580244242,0.0440489710653584,4,1,1,5
0.280606935066855,-0.587996040609238,-0.257853099258304,3,3,5,1
-0.159499839253994,-0.146422555197719,-0.368226696915429,7,1,1,2
-0.0154974220653071,0.00630710826062846,0.000215747629544129,8,1,1,2
0.166100510887713,-0.252787256754483,-0.0411839448343161,5,1,1,6
0.397916770956781,-2.07536808329996,0.0421496312420711,4,1,2,3
0.327203372839789,1.20777443084799,-0.741818485925309,2,2,3,1
-0.778972935828984,-0.770467224479958,0.290072953986798,8,1,1,6
0.440254375892934,-0.267948290303049,-1.07697758496971,3,1,1,6
-0.00833312252804812,0.0110555323578838,0.0147575755179911,8,1,1,2
-0.00771903971695681,0.00776555293974148,0.0134517785628879,1,1,1,2
-0.0743350680700365,0.0529363316833538,0.0951888730872812,8,2,3,5
2.15163490360554,0.531448896078272,-0.545132502053895,5,1,2,4
0.168773239661275,-0.0665530994294947,0.90189996461327,9,2,4,3
1.27449035822488,0.156606754480656,0.447759866290807,5,3,5,6
-0.0968703914938806,0.241675318087252,0.0369726066049215,7,2,3,5
-0.00904955254884824,0.0197722822046437,0.00362862553985556,7,1,1,5
0.120232754018149,-0.349918363595754,0.577778625989127,9,3,5,1
2.50544895089817,-0.280429874536526,0.596608747770361,2,1,2,1
-3.14801631769078,-1.01771610651477,-2.26910446962662,2,2,4,6
0.753001561691667,0.524840740959015,-3.5870933814271,6,3,6,4
0.811058032273214,0.0139385039327527,-1.92307450417405,4,1,2,4
0.0110259913450176,0.0454682410579355,0.155781310814237,8,2,4,3
-1.14578708472095,-0.675541798270065,-0.221436331808953,8,2,4,6
1.76274998286082,-0.349282018945417,-1.98144967686163,2,1,2,4
-0.538699242735264,0.142553402517334,-0.452519259094089,8,2,4,1
-1.32811835576396,-2.59076746186144,2.95907266682397,4,2,3,3
-0.015838579431003,0.00942750098478996,0.0217910718870574,8,1,2,2
1.41906827892238,-0.190820331232091,0.26814151318842,6,1,2,1
0.805908185507571,0.19211435474528,-0.0539160519304368,4,2,4,4
-1.49952330356115,1.5377281788647,-0.465588221361079,5,2,3,4
0.609502418020859,-0.463854708488754,-0.747709041298132,9,1,2,1
-0.946105814810114,1.59265380457053,-0.0585154319051316,2,1,1,3
0.957509402989307,0.240996395604802,0.636362547474257,3,2,4,3
-0.0197039906704279,0.0380001526553224,0.0304381264438893,4,2,3,5
-0.0132116692802091,0.00939358409055481,0.0181704534283025,5,1,2,2
0.33297399150483,-0.389507589765722,-0.39166806076878,9,3,5,3
-1.90137986407815,2.71250191365108,0.182047950483051,8,1,1,6
3.04000812045445,1.50250160785165,0.337764225904045,5,1,2,4
0.863084508183779,0.645987665615447,0.0251149183282427,3,1,2,1
2.02554699756475,1.68233754510994,0.92744387016143,4,2,3,1
0.679712558270624,-0.339819092979874,0.405695320673545,4,1,2,6
-0.00468044432964035,0.136443149076998,0.371419129871812,9,2,3,5
-0.0314135753476642,-0.00771563678756512,0.0121494361835251,7,3,5,5
1.13984065167425,-0.378176084902389,-0.011738963229505,5,2,4,6
0.00333445110626762,0.0591163667562889,0.0131550067398108,6,1,1,2
0.869805300239084,-0.744011731338221,-0.317686421098027,6,1,2,1
0.00156043392255214,0.0391051524261877,0.00134348125741004,2,1,1,2
-1.27485308609759,0.233528303867981,-0.142428539221199,9,2,4,1
-2.79837741696735,1.15753458947967,0.537751350384518,2,2,3,1
0.170139004914172,0.32450322744668,-1.37744505723775,3,2,3,2
-0.395975544113505,-0.825582522146854,-0.606376536325624,2,2,4,3
-0.937576880667714,-0.477455541785331,-1.15226864537978,9,1,1,4
-1.04608534929462,0.48676442263926,0.256768700542746,6,2,4,1
-0.130910875261066,0.709073875765821,1.59144790821789,1,1,1,4
-0.486226007808175,0.124339359470478,0.867977049983968,4,1,1,6
-0.0207171259595832,0.00417031791699471,0.0177549726426036,5,1,1,2
-0.0018852530115893,0.0292691301768739,0.0202478573567971,7,1,1,5
-2.36393054413359,0.913682864968973,2.64716524310012,7,3,6,4
-0.0390504402601522,0.00638463325715032,0.00360805581882907,6,3,5,2
0.0158062122104961,-0.20369436282389,0.405279592960171,9,2,3,1
-0.00205583147085656,0.0519598144941525,0.000393811345766373,5,1,2,5
-0.947129277963973,-0.0619684460566183,-0.844812843735364,9,1,1,6
0.297070726991527,-1.38915302180568,-0.666156100439042,9,1,1,3
0.0585336748671542,0.0490429251359265,-0.0454871399642913,8,1,1,5
1.54615927991244,1.15346116572523,-0.704987791763112,8,2,4,1
1.28324723292246,-0.0251391503067937,-1.65902166771759,8,2,3,3
-1.27949558346863,0.434273635436057,3.7077201898723,6,3,5,3
0.375468639546381,-0.0269996937640681,-2.4885734991459,6,1,2,4
-0.00399755589009284,0.0346055664721734,-0.00461044171601755,7,2,4,2
0.0048799940476056,-0.051616915955853,0.0761794797914148,3,2,4,5
0.00599547632288901,-0.0126865870169903,0.010602767272017,8,1,1,5
0.0887943095048308,0.963114561079072,1.03262622966969,1,1,1,6
-0.0521422121949716,-0.455128086719886,-0.187623978384772,2,3,5,1
-0.00570621271262523,0.0177033260940413,0.0200104397816399,1,1,2,2
-0.00133940145005645,0.0156004524223621,0.0324155092991799,9,1,1,2
-0.0105847595765765,0.0374092854863795,0.0202478573567971,1,1,2,2
-0.0157703477342831,0.211065935645655,-0.373242133295818,6,1,1,6
1.61922836932655,0.84319598076113,-2.00891337895397,1,2,3,6
2.05286263799378,-1.10597531793562,0.534187080875612,8,2,4,4
0.0854608437762178,0.156810661285721,-0.923595783546776,3,2,4,2
-0.648070956564247,-0.0264231003382164,-0.111578267635212,4,1,2,1
0.299049438818241,-0.0911034196327165,-0.506730152918022,9,1,2,3
-0.133063481472868,0.657172620937085,-0.394303006226204,3,2,4,4
-0.0925989308174176,0.770735534569582,-0.471414321920234,6,1,2,3
-0.0185678361207636,0.00386506164554872,0.0146982210755787,6,1,2,2
-1.8307242615801,0.160884165061149,1.96523798232895,7,2,3,4
-0.00229464140326303,0.0134975789729635,0.0288245682561237,9,1,1,5
-1.53366774789659,-0.0875995296750573,-0.53509132119075,7,2,4,3
0.026732425901772,0.0651568396754291,-0.0450053995523463,3,2,4,5
1.6178626487898,-1.0448728057603,-0.720432907770372,8,2,4,6
1.07071273159443,-0.0756371260339352,-0.850540569989292,3,1,1,4
0.148286582003235,-0.285164449446469,-0.383016159264418,6,2,4,1
0.0506335235217423,1.42434909121579,-0.0669850083626512,8,2,3,3
-0.128510865791466,0.0703781688966059,0.128407121948946,9,3,5,4
-0.475442753872057,-0.386253669803672,0.521785169527246,5,3,5,1
-1.2576758927767,1.11922143127416,0.341941633011271,3,3,5,1
-0.010823569508983,0.00464516021557999,0.0160930494414602,5,1,2,2
-0.04487104934082,0.124237610566017,0.117885848025309,7,1,1,5
0.00214844118373846,0.0142380509292427,0.0108346902396277,7,2,4,2
-1.18795210769091,-1.84588345969556,-0.901229204683776,5,1,1,6
-0.716250268318921,0.778698800603439,1.88860638237997,3,2,3,4
0.0223369025135288,0.0145829329253188,-0.397666481680707,3,1,1,5
1.3836319627656,0.0508995786842374,-0.582020765995348,6,2,4,4
1.69571191658905,0.38967925228864,0.294787491024329,4,2,3,4
-0.567387288764906,-0.194483394041735,1.04096548448434,3,1,2,1
0.402317711706135,-0.241831963880859,-0.566054896326072,7,1,1,1
1.6772739515265,2.42846765182724,-0.0194615290128351,2,2,3,4
-2.23192177317658,-0.269655293496519,-0.876154162199302,8,3,5,1
0.0362928653969216,-0.0285337315997715,0.0553879556309453,2,2,4,2
0.171900183868738,-0.138078900523327,-1.51528013977274,5,1,2,6
-0.322705455622298,-0.501225130585903,0.0857002123457656,4,3,5,3
-0.0961874999242028,0.087561105994671,0.313796895989745,8,2,3,6
-0.306517182232338,0.693834190480816,0.344093109018448,2,2,4,1
-0.180549236196916,0.571946160368645,-0.0782507723377099,9,1,1,6
0.561160463123561,0.0913038963784315,1.21920677235679,7,1,2,6
-0.753809148144685,-0.997348565409579,-1.12497648567023,4,2,3,6
0.943168756043523,-0.158206921039787,-1.2835861870778,1,2,4,3
-0.256422577985359,-0.0596620701304063,-0.173900385490049,4,1,2,1
0.0321955361011209,-0.0210656420857558,0.0815258704402991,5,2,4,2
-0.852827933870351,0.264079582183689,1.25951417550553,5,2,3,3
0.0326057329607176,-0.010753300039292,0.0138079050228699,2,1,1,5
-0.00884485821886294,0.0279802724140222,0.0144904807216277,4,1,1,2
1.29805979171699,-0.0723471432815852,-3.02849089592357,5,1,1,4
-0.392528219897671,0.172333989841129,0.440642024360357,9,3,5,3
0.101246544409505,-0.152188502793067,-0.803264772945173,6,1,1,1
3.18090601411137,3.20006310314466,-0.177431968589827,5,1,2,4
-0.00676379976375023,0.0211968094227063,0.0315845478833761,4,1,1,5
1.8980869765783,1.58475106552015,0.179970546943541,8,1,1,6
-0.00758257687128974,0.0209254709079438,0.0162711126325527,5,1,1,2
0.000224867048238263,0.378414853911941,-0.497486313497566,3,3,5,3
0.592846950335569,-1.17861945674245,0.651213644495699,3,2,4,6
-0.543949812620186,-0.0364965419585788,-0.0434690916451641,9,1,2,3
-0.00860604819702418,0.0258773987423431,0.0214646228427741,6,1,1,2
0.34722082397592,1.06815648464454,-1.17096526751074,6,1,1,4
-0.047778285235622,-0.0158504077962236,0.00930230952495475,4,3,5,5
0.452171944309302,-0.769232456234665,-0.0883705787378884,4,2,3,6
-0.0101435522931819,0.0346055664721734,-0.00758065917538106,9,2,4,5
-0.0764621994933568,0.322518240244648,1.24766717070173,5,1,2,6
-0.567830805860832,-0.262046676019883,0.0624785141538486,9,1,2,4
-1.15876198877191,-2.26081338042397,-2.18237404123823,5,2,3,4
-0.581038323304242,-0.891437502813342,-1.38576165367645,4,2,4,6
-1.43969193734719,0.80221081074647,-1.37900243646211,2,1,2,6
0.0315126467672504,0.0692303434508568,0.031032170324747,2,2,3,2
0.150407289952156,0.664404761910201,-2.73056145350146,5,1,2,4
-0.0115093293958577,0.0142380509292427,0.0322202573084924,1,2,3,2
-0.0188748773027286,0.00393289632314105,0.0190607694810112,9,1,2,2
0.00510846806640237,-0.0287633940477856,0.00454861842478551,5,1,2,5
-0.0914072768229171,-0.781452927550456,-0.858845049545397,8,2,4,3
-0.218424540887922,-0.0231023939734696,0.281124509771522,1,2,3,5
0.230233190277322,0.438561293148162,-0.0170853577682393,8,2,4,5
0.654306923309689,-0.917915268462401,1.11397359195894,3,2,4,6
1.04423627908083,0.087561105994671,0.398151053942359,7,2,3,6
1.14530384683428,1.66943816242572,-0.564793515233634,7,2,4,6
-0.00399755589009284,0.0271374776249992,0.028061952281906,2,2,3,2
1.88416773459416,-0.636663425178125,0.343996426797948,5,1,2,1
-0.0379594601971703,0.00204608753370305,0.0140475209467262,9,3,5,5
-0.357733781661292,-0.501739020902067,0.0149929948772291,3,2,4,6
-1.09798492078231,0.364559331604481,0.654777875106106,1,2,3,6
0.0510282172934571,-0.0024435587026471,-0.0903887437525141,8,1,2,5
-0.127976923704727,0.0690541394660276,0.519537069647319,3,1,2,5
3.28321901596834,-0.430174809735726,-0.0959087033960038,2,1,1,1
-0.011267073860807,0.0707160886224787,0.0173394918394004,5,1,2,5
-0.0212970928105242,0.030117063202217,0.0475508814172585,1,1,2,5
2.33753154949031,-0.0123134980684766,0.0785932289314497,2,1,1,4
0.0468660987734504,0.357317410288827,-0.0564677040308883,1,1,2,1
1.33173232420369,2.57239806224795,-0.656870270088378,4,2,4,4
-0.127419879021062,-0.133533441873168,-1.94525034424477,9,3,5,4
-3.37132070282722,0.424304021042945,-0.443014566336006,2,2,4,1
-0.0581761776597343,-0.0420250650704264,0.0740229430894536,2,1,2,5
-1.01873816162445,0.0168214759521825,-0.86816878648382,3,1,2,3
0.33040178462789,0.864550825217375,-0.54931696923878,3,1,1,6
-0.0543241723209354,-0.00554636570408559,-0.00920401608966246,8,3,5,2
0.0397073053588518,-0.000698127654227664,0.279936394002887,1,2,4,1
-0.0138257520913004,0.0292691301768739,0.0160930494414602,7,1,1,2
0.00562020366778489,0.0359508408072665,0.0302787509282729,3,1,1,2
0.0487083481010473,0.0412419416584189,-0.862500458238624,4,1,1,6
0.683671189259999,0.797708452287627,1.0807071089579,2,2,3,6
2.00779191512865,-0.209804629601057,0.355379936530984,2,2,4,6
0.0137575442088848,-0.0102029690559572,0.0441011281184089,6,2,4,2
0.0219522072721008,-0.00205596372790697,0.0441011281184089,6,2,4,5
-1.24031976779685,-0.216360062005625,0.480481867545139,4,1,2,6
-1.44845967806829,0.1499130213642,1.13741637560752,7,1,1,6
0.0294639787656391,0.0128802161892465,0.0256857790923852,1,2,4,2
-1.89764734028196,0.0352844838421715,-0.966960958842468,8,2,3,1
2.50746184821864,-1.20647429462071,0.871657042528878,5,1,2,4
0.0192206521724264,-0.00952405101911754,0.057764132710316,8,2,4,2
2.87984047434174,0.454176410218279,-3.98113790422623,1,2,3,6
-1.06862072190622,-1.76520385814451,1.05932149190446,8,2,3,6
0.535484362552432,0.443992628551659,1.10328074453372,9,2,3,6
-0.0469179935349959,0.166532501814684,0.589100423252711,3,1,1,5
0.0219522072721008,0.0352844838421715,-0.00342235414879465,7,2,4,2
-0.746528912384473,-0.311260715052432,-0.202895004157534,6,1,1,1
-0.0379594601971703,0.0096385429942968,-0.00540784636876784,4,3,5,2
-0.386415097910934,0.134406399412089,-0.391926833036684,9,2,4,3
-0.629512011968198,-0.646024591125181,0.337230032810453,6,1,1,6
-0.442411987515393,-1.25805273146158,-0.330740329645711,9,2,3,6
-0.135112145002864,-0.274301778639475,0.388052322749208,8,2,3,5
-0.00194889034786956,0.0556520004965047,0.0755854335766471,7,2,3,5
-0.00168055859217171,0.00498433360354164,0.0205149521531604,7,1,1,2
0.490506828135943,0.294163360126129,0.212585789321079,9,1,1,1
1.29761634169529,-0.636358167350715,-0.694913313784397,8,1,2,3
-4.16526437439139,0.113519739953089,-0.654730385834051,2,1,1,1
4.71406616024809,-0.910613575917016,-0.1144866306456,7,1,2,1
0.0301468680995095,0.270868753660865,1.05872751181714,9,2,3,3
-1.44216062634572,-1.22750145314587,3.55786858287271,1,2,4,4
0.0240008730379048,-0.0135975547945452,0.0732092623320513,5,2,4,5
-0.122137263309977,3.00215275945728,0.263897239560558,5,2,3,3
0.389217267074763,-0.998459412269318,0.573134086801441,7,1,2,6
-0.00945894102995425,0.030117063202217,0.0246697600101496,9,1,1,5
0.516366533203303,0.234163626027963,0.00431120143310584,9,1,2,1
0.794299091425655,-0.952540014988654,0.479535039168884,4,2,4,6
0.0151233228766256,-0.0149553886454194,0.0839020455747449,5,2,4,2
-1.53698993397733,0.135091152312374,0.1357218408549,9,1,1,4
-0.0190211035723648,0.132369643078765,0.0934067422226781,6,2,4,5
-1.29954460420397,0.274966148145744,-0.0315091800567323,2,1,1,1
-0.00683203123688943,0.0258434814035469,0.021167850630712,5,1,2,5
0.0280982023337055,-0.0190288946436522,0.0541998670912599,1,2,4,5
2.30962845069078,0.373385268306201,0.515771714345263,2,2,4,1
-0.535446702052208,0.660962592582366,2.79758865804232,9,3,5,3
-0.0210697677731037,0.0155958852246779,0.0203393866930684,1,2,3,5
0.913200486748634,1.26633534319066,0.593759743870205,4,1,1,4
2.33352967798758,-1.28520954184737,-1.35249524847241,1,2,4,4
-2.59146217014953,-0.33404649030599,2.18206385880741,3,2,4,4
0.870248794976936,-0.386794567202069,-0.969961589093664,3,1,2,1
-1.37081232602713,-0.297151103891472,1.8708883103516,5,1,2,6
-0.977113667429562,0.471149327797194,0.478346942849499,5,2,3,6
0.336763796684287,0.303456774973066,0.333994377825297,6,2,4,6
0.660607763678107,-0.195874003154133,1.25021937905073,1,1,2,4
-1.38532068087918,-0.654158857557077,0.815988291291548,8,3,5,6
0.399523824534487,-1.76699555021313,-0.142069935899262,6,3,5,3
-0.0578691364777693,-0.277139878447345,0.0217613946658512,1,1,1,5
0.258231623900515,0.0502206628702028,-0.193516284190072,1,2,3,1
0.615677360079696,-0.518800761773658,0.402252784018815,8,1,1,6
-0.508172178119587,-0.456755046700911,-0.241719402012948,4,3,5,4
0.654296347941117,0.535281545581896,-0.234976055386405,7,1,2,1
1.66907927057683,-1.66743988756572,-0.546972167689104,8,2,4,6
0.00196982253780659,0.0256738947095661,0.0162711126325527,5,1,1,5
2.203780950491,2.70071348896686,0.457555422578879,8,2,3,1
0.0192206521724264,-0.0074872991314037,0.159939610978511,3,2,4,2
0.192237478419487,0.888736189716025,0.633297598554143,8,3,5,4
-0.00632029552371655,0.0240797811198294,-0.0133467335150379,3,1,1,5
1.18969155292453,-0.0176710585699729,-0.312324982564612,6,2,4,4
-0.0114035365835047,0.0418524539790304,0.000156392409161723,6,1,2,2
-0.931360106654122,0.313640534411635,1.1395174197101,7,2,3,6
0.0246837612538716,0.0040542930466371,0.0470713455777725,1,2,4,2
4.75641816378331,-2.1650861217224,-3.76609396800973,8,2,4,3
0.0192206521724264,-0.0244602300471489,0.0429130415236485,1,2,4,5
-1.3233381997369,0.871031569147038,-1.37328680764153,5,2,3,4
-0.0408735331907238,-0.0461855805523563,0.388646400082775,3,2,3,2
-0.0488692675344112,0.0161463600235041,0.00740422534523119,4,3,5,2
-1.06239042125841,0.199992198378298,-0.060926819906247,4,3,5,6
-1.09320469768102,-1.73193691212705,0.0940007884374458,5,2,3,1
0.34290978503847,-0.120187542096038,-0.0372828357139411,9,2,3,1
-0.00440981572909376,0.0323556057845197,0.0133627470937618,5,1,1,2
-0.0728708468064716,0.106713488441355,0.227582036093394,7,3,5,5
-4.54588910503228,0.265437404920537,5.45227335352886,8,2,4,3
1.00258005878022,3.25063636528128,0.379141687875442,5,2,4,3
-2.22916368127995,1.6893181756835,-0.0536483699612235,5,1,1,1
-0.0270967635557414,-0.108095993477325,0.0428915617722263,2,1,1,2
-0.388723323018877,-0.922077648877828,2.75271671047011,6,1,2,3
-2.09636781671781,0.700623348621161,-1.44338384866002,7,2,3,1
0.701725489788289,-0.271282231249493,0.0790569184947031,8,3,5,6
0.0574624101530248,-0.0584060963242496,-0.0669850083626512,8,2,3,5
-0.193157682486669,-1.5649233373555,-0.398461294720929,3,2,3,3
0.380468664864234,-0.0332861534120388,-0.321235656336877,1,2,3,1
1.0968187108369,1.09643205507631,0.606066334445554,9,2,3,6
-0.481449809160046,0.446112917901469,-0.202895004157534,9,1,1,4
0.123019707951331,-2.20514233702046,0.0470713455777725,1,2,4,6
-0.164446621056586,-0.59145161345196,-1.70100005315847,2,1,2,4
-0.0333617616971855,0.0733038494490896,0.0417249539564256,1,2,3,5
-0.0488692675344112,-0.00771563678756512,0.00645518228290692,5,3,5,2
-0.00649087409477417,0.0368326913936862,0.0290916630524871,4,1,1,5
-3.26205858827253,-1.4875268189697,5.18317158908394,8,2,3,4
-0.00468274139806982,0.0157022044387506,0.024224602275534,7,1,2,2
-0.127419879021062,-0.115094628772371,0.863440395784637,6,3,5,4
3.5838986553964,-2.60909804658085,0.598343776441924,8,2,4,4
-0.0018852530115893,0.0197722822046437,0.0264800693367733,7,1,1,5
-0.0538484193552256,0.00337537612120001,-0.19648649581466,3,2,4,4
1.05721118313179,-0.627338668778967,-1.36318797920213,1,2,4,6
-0.0434143649836944,-0.0418816785804191,0.00313353380143569,6,3,5,2
-0.466995940932124,0.418193774271024,-0.964584805102197,5,2,3,6
1.46284683931124,-1.58257518853089,-0.486379741631698,1,2,3,6
-0.0292644301655775,0.0223850572575552,0.0179632125699836,5,2,3,2
0.94240355099195,0.0581666821591183,-0.226814839003947,1,1,2,6
-0.596061875234547,1.43317500568946,-0.49350830009876,1,2,4,1
0.0117088806788881,-0.000698127654227664,0.022121517363179,6,2,4,2
0.644994495211927,-0.0115118656292646,-0.228432783192024,6,3,6,3
1.29827085192698,-0.746149247427727,0.175978792649789,3,2,3,1
-0.0272157643997735,0.0325688161404231,0.00430021163453546,5,2,3,2
-0.0183382142384943,0.0264585604772816,-0.0265900524712475,5,2,3,5
0.0888752792665335,-0.0441488308874476,-0.463212048171558,1,2,4,3
-1.35884840932524,1.59883075772416,-0.00876874577014147,1,2,4,6
-0.410316191059289,-0.324541620007794,0.859128866651145,9,2,4,3
0.86053928750106,-1.68033938139019,0.853188423952718,1,2,3,4
0.00367560802480214,0.0524346567927378,0.03235615505126,7,1,2,5
0.812934411199386,-0.700190573180557,-0.903484675829357,3,1,2,6
1.12389912197893,1.43134305862008,-1.43072977778866,4,1,2,4
-0.971999638297013,-1.14474479580463,-1.17874068857519,5,1,2,6
-0.23530495314659,0.130919322752373,-1.61929873397305,7,1,1,3
1.02579826930213,-0.105930292218872,-0.449549047469501,3,2,3,1
0.346324220528786,0.0305320642527093,1.35337306511472,5,2,3,6
0.859917688352957,0.0221118590595611,-1.39480578820049,6,3,5,6
-0.75800676457734,0.0448892203288905,0.195314594924484,9,3,5,1
0.108410846853314,-0.209169587514521,0.083786742642536,6,1,1,6
-1.03016693784688,0.374818733101353,-0.0783398012784336,4,1,2,1
-0.00935659395439389,0.0206202150743904,0.0309316494058245,1,1,2,5
-1.58488441439977,-0.816756607673185,-1.3958603848696,8,2,3,1
-0.0277108470375749,-0.0073615683824807,0.0152324106683054,6,1,1,2
2.36904011115666,-2.24791399773975,-2.14970163557076,1,2,4,3
0.0630369485170495,2.01784130409561,3.8168816324881,6,1,1,3
-0.464187275074163,0.835415851641277,-0.539523494020432,4,1,2,6
0.0294639787656391,0.029174229512713,-0.0135210940941081,7,2,4,2
-0.165674781312831,-0.263844302978178,0.879343444377225,4,1,2,6
0.03082975743338,-0.0292126496366111,0.0696449986579201,8,2,4,2
-1.59239614564877,-0.567594023796606,-0.48340953000711,1,2,4,4
-0.40143864984124,0.240317484236378,0.220532064264866,2,2,3,4
0.028781091667576,-0.0224234781594351,0.0702390429277628,8,2,4,2
-0.120088599779981,-0.105251380850447,1.00585758541562,3,2,3,2
-0.230033643913068,-0.336762158007739,1.15377443939797,9,2,4,3
-0.695820869686069,0.263985735351436,-0.218467843387893,3,3,5,6
0.375688464121022,1.52279215098741,-0.743006543346195,8,2,3,4
-0.00273814597866781,0.0193652744502825,0.0176362638355758,4,1,2,2
-0.00427335278281537,0.0221464942310433,0.273691142662401,7,1,1,5
-0.869217273411627,-3.26493202994761,-1.43447317488775,3,2,3,3
-0.489625485747592,-0.269112973502844,0.0477385229165194,2,3,5,6
1.11622314832499,-3.25959107380038,2.3185690016446,3,1,2,4
1.63356906098848,-0.0794525265698122,-0.614099094329254,7,2,4,6
-2.45941069527291,2.84165889438918,-0.2094239928229,2,1,2,4
0.746033511706038,-1.91036036787054,1.16296848873908,4,1,1,6
-1.22036205743202,0.233756619296092,0.978227845078181,7,1,2,6
-0.103699275889356,-0.0360018211137871,0.0660807388736389,1,2,3,5
0.000502846759636765,0.0126496459476205,0.0202478573567971,7,1,1,5
-0.636352285566106,-0.454214802779394,-0.195892465159292,6,2,4,4
-0.519659420703153,-1.42602113440135,-1.95313759849527,4,1,1,1
-0.6547902953448,-0.137839415499479,-0.421629007630319,9,2,3,4
-0.00382984843099132,-0.410977619983392,-0.83858064284146,6,1,1,3
-0.010823569508983,0.0097666743727516,0.0135704874477128,9,1,1,2
1.55571968139887,-0.993953986339406,0.535375138296498,5,2,4,3
1.53250156030925,-2.1209564826699,0.405873650844489,4,2,3,3
0.0606488469571776,0.206317512659802,-0.763794095969866,9,1,1,3
0.475768833515168,0.338628953944775,0.0583237051299045,9,1,2,1
5.93426313934422e-05,0.0709874264437259,0.00974212824602192,9,1,2,5
0.409311428759673,0.37963499609953,0.131567033775881,6,1,1,6
1.52393996102207,0.956534591128762,0.260069316022062,2,1,2,4
0.19472300304705,-0.361882078691898,-0.225594631973227,9,2,4,1
1.7163376638198,-0.522375521427023,0.0857002123457656,6,3,5,1
0.283287981043607,2.42525614298691,0.768261680087509,1,1,2,3
-0.0133822477394763,0.0211289747940157,0.0152324106683054,6,1,1,1
0.894470972412966,0.14608036074655,-0.843061886128258,5,1,1,6
0.0574624101530248,0.156810661285721,-0.332522464400164,3,2,3,2
-1.16149347456156,-0.399222515147951,-0.972901382091646,3,2,3,4
-0.0118470409353288,0.0206202150743904,0.0329793761131128,9,1,1,5
0.0178548757404928,0.0542941644228254,0.0690509543880774,7,2,3,2
-0.0142408831540478,0.0189904711855464,-0.0105508776072071,2,2,3,5
-0.0736521809719733,0.0570098343473789,0.262115104806105,5,2,4,5
0.343592667664918,-0.199620872385293,0.0132108642071185,6,2,4,6
-0.61996294602483,-0.217272712446657,0.698737108286115,9,2,3,6
0.351104465988144,-0.499023353200319,-0.0877765344680457,2,2,3,1
-0.94843235117992,-0.796389066567995,-0.0705492778715573,2,2,3,6
-2.27050442916922,-0.979017847321867,-0.735878043226883,5,2,4,1
-0.133196628269745,0.908439845615415,1.20920552080338,9,1,2,6
-0.278529569916522,-0.114031523321044,0.563993522897149,8,1,2,5
-1.28782799014855,-2.11620412531898,-1.5806078357679,8,2,3,1
-0.0190211035723648,0.0488628279079261,-0.00282831279633943,2,2,3,2
-0.000583113468774526,0.0685514254140171,0.0452892156856318,4,2,4,2
-2.32212899635789,0.391438224665863,-1.31024031414936,4,1,2,6
-0.291493607943959,0.688402855077319,-0.66934517447105,5,2,3,6
1.19277875565707,0.824189240951652,0.956682219047064,7,1,1,6
-0.0150488636710606,0.207584656061697,0.00740422534523119,9,3,5,5
-0.199756377104818,0.477554274072195,-0.514001099342493,3,1,1,3
0.0349270867291807,-0.0169921405331332,0.0809318261704564,5,2,4,5
-0.0368684801341884,-0.014223454483614,0.0112003940936633,8,3,5,2
1.71756431714192,1.62462963423285,0.988036296218836,2,2,3,3
-2.56209886559636,0.334491046613741,2.31462177640815,2,1,2,3
-0.013109322294081,0.0110555323578838,0.0147575755179911,8,1,1,2
-0.00850370109910575,0.0250973006168728,0.0137188735537438,9,1,1,2
-0.229972083194617,0.156606754480656,-0.0965159128630012,6,3,5,2
-0.874680379139361,-1.87383078849495,-0.0788658820899552,5,2,3,1
0.538898798042748,-0.0577271738417997,-0.517864070429036,3,2,3,1
-0.373981527525677,0.0936978508264519,1.10592072734683,2,3,5,3
0.000878119638321621,0.00942750098478996,0.0114040518555996,8,1,2,2
1.53704040565344,-1.88543116386585,-4.42426902701807,4,1,2,4
1.35495057944174,0.157489579322561,-0.0509458403058482,2,2,3,6
-0.852014681319703,1.43314064112227,-0.996997504937779,9,1,2,6
-0.162427673641536,0.82758081923491,0.263303201125491,3,2,4,4
-0.187011671774413,-0.0672320107979189,0.939324716659785,3,2,4,5
0.498608365353116,1.06791753309392,-1.71901997754293,2,2,3,4
-0.0569821268797983,-0.13797714050484,0.00247121488527594,2,1,2,2
0.706889399781906,5.01242637027688,3.11590013623084,8,2,4,4
0.0585336748671542,-0.000815527329553259,0.0417638281443604,8,1,1,5
-0.359656732453715,-0.14031744310563,1.04770219891672,9,1,1,3
-0.010994148191831,0.00800297408903412,0.0141640314828519,4,1,1,2
0.0219522072721008,-0.00816621716824335,0.0541998670912599,6,2,4,2
-0.0108264407327295,0.0576887501614134,0.00905255898603958,4,2,3,5
0.441245732853833,0.63001592169155,-0.200644803758634,7,2,3,4
0.0442050744511519,0.0229265924898819,-0.136892917096887,8,1,1,2
0.00692865981340961,0.00065970841945164,0.0108346902396277,9,2,4,2
-0.0075143454473383,0.0146168504863954,0.023868475815552,4,1,2,2
-0.452622047531652,0.278120464210276,1.29529904461025,7,1,1,4
-1.1299894963002,0.609730046446544,-1.20524243077496,2,1,1,6
0.227815835414617,1.5097598445569,0.214663194805514,6,1,1,3
-1.09866782576683,-1.49771048949606,-0.497072511259917,4,2,4,4
-0.0203868800042983,0.0862032765894071,0.0120227772233731,1,2,3,2
0.891878173750708,-0.885243411832217,-2.61229776200337,7,1,1,3
-0.00194889034786956,0.0420736553193475,0.00905255898603958,1,2,3,5
-1.83345574736975,-2.24451955203789,-0.55825899520164,8,2,4,1
-0.0634088543787606,-2.59212515122998,1.57613940374086,4,2,4,3
0.00360737699882441,0.03479765262188,0.0168349794464856,8,1,1,2
0.0817323578480229,-0.551700522613005,0.074942935390906,9,1,2,1
-1.22551349162086,-0.506149599737421,-0.692123649545224,2,1,1,3
-0.221838976378238,-0.337441069376163,1.64742459942648,3,2,4,5
0.556653925194994,-0.432489483393458,-0.618257402273228,1,2,4,1
-0.0837806519079053,-0.31954855509021,0.0491620874127595,2,3,5,1
0.0373819316088468,-0.2339292359445,0.134297338904822,2,1,1,2
0.00146555184986802,0.0325688161404231,-0.00223426852649673,7,2,3,2
-1.10436859781153,-0.174438257482666,-0.0910416414520957,5,1,1,6
